,Unnamed: 0,Unnamed: 0.1,amount,change,close,high,low,open,pct_chg,pre_close,trade_date,ts_code,vol
0,,,266379.227,-1.0900000000000034,37.26,38.57,36.62,38.52,-2.8422,38.35,20200410,002439.SZ,71424.27
1,,,163358.477,-0.22999999999999687,38.35,38.96,38.3,38.89,-0.5962,38.58,20200409,002439.SZ,42353.17
2,,,283350.805,-0.020000000000003126,38.58,39.18,38.31,38.62,-0.0518,38.6,20200408,002439.SZ,73232.76
3,,,319112.141,0.8800000000000026,38.6,39.2,38.44,38.59,2.333,37.72,20200407,002439.SZ,82416.54
0,0.0,,281745.683,-0.25,37.72,38.71,37.49,38.01,-0.6584,37.97,20200403,002439.SZ,73890.81
1,1.0,,326895.21,0.9699999999999988,37.97,38.0,36.6,36.7,2.6216,37.0,20200402,002439.SZ,87488.83
2,2.0,,304092.48,0.0,37.0,37.7,36.47,36.8,0.0,37.0,20200401,002439.SZ,81664.35
3,3.0,,274731.61600000004,-0.20000000000000284,37.0,37.84,36.92,37.5,-0.5376,37.2,20200331,002439.SZ,73832.26
4,4.0,,436423.355,-1.2799999999999943,37.2,38.0,36.0,38.0,-3.3264,38.48,20200330,002439.SZ,118539.01
5,0.0,0.0,349239.139,0.17999999999999972,38.48,38.98,37.88,38.62,0.47,38.3,20200327,002439.SZ,90664.67
6,1.0,1.0,410708.099,0.28999999999999915,38.3,39.09,37.53,38.08,0.763,38.01,20200326,002439.SZ,106914.49
7,2.0,2.0,499825.26,0.9099999999999966,38.01,38.66,37.63,37.94,2.4528,37.1,20200325,002439.SZ,131247.46
8,3.0,3.0,534933.235,1.4699999999999989,37.1,38.0,36.05,36.49,4.1257,35.63,20200324,002439.SZ,144739.46
9,4.0,4.0,471574.627,-1.5700000000000005,35.63,36.9,35.29,36.27,-4.2204,37.2,20200323,002439.SZ,130418.74
10,5.0,5.0,609485.8589999999,1.2000000000000028,37.2,37.54,36.04,36.7,3.3333,36.0,20200320,002439.SZ,165189.76
11,6.0,6.0,780155.844,-0.6000000000000014,36.0,37.3,34.65,36.42,-1.6393,36.6,20200319,002439.SZ,217819.95
12,7.0,7.0,736628.755,-0.4499999999999957,36.6,38.72,36.58,37.3,-1.2146,37.05,20200318,002439.SZ,195374.33
13,8.0,8.0,619578.045,0.39000000000000057,37.05,37.85,35.45,37.33,1.0638,36.66,20200317,002439.SZ,168337.78
14,9.0,9.0,726230.257,-3.200000000000003,36.66,40.27,36.5,39.86,-8.0281,39.86,20200316,002439.SZ,190965.78
15,10.0,10.0,606019.208,-0.13000000000000256,39.86,40.66,37.66,38.0,-0.3251,39.99,20200313,002439.SZ,154207.52
16,11.0,11.0,451144.511,-0.18999999999999773,39.99,40.28,38.7,39.65,-0.4729,40.18,20200312,002439.SZ,113964.78
17,12.0,12.0,482057.088,-0.8100000000000023,40.18,41.52,40.18,41.3,-1.9761,40.99,20200311,002439.SZ,118405.86
18,13.0,13.0,567441.275,1.6000000000000014,40.99,41.32,39.0,39.11,4.0619,39.39,20200310,002439.SZ,140807.24
19,14.0,14.0,612279.687,-2.3599999999999994,39.39,41.25,39.07,40.75,-5.6527,41.75,20200309,002439.SZ,152480.21
20,15.0,15.0,444235.021,0.030000000000001137,41.75,42.25,40.9,41.8,0.0719,41.72,20200306,002439.SZ,106411.38
21,16.0,16.0,554219.83,0.0,41.72,43.22,41.08,42.87,0.0,41.72,20200305,002439.SZ,132007.78
22,17.0,17.0,648647.1479999999,-0.6300000000000026,41.72,43.2,40.7,42.71,-1.4876,42.35,20200304,002439.SZ,154706.65
23,18.0,18.0,898938.803,0.5200000000000031,42.35,44.77,41.88,42.46,1.2431,41.83,20200303,002439.SZ,206426.23
24,19.0,19.0,877228.683,0.2399999999999949,41.83,42.76,40.32,42.53,0.5771,41.59,20200302,002439.SZ,210406.09
25,20.0,20.0,708188.4609999999,-2.1599999999999966,41.59,43.8,41.4,42.49,-4.9371,43.75,20200228,002439.SZ,167336.36
26,21.0,21.0,760811.243,1.0499999999999972,43.75,45.4,42.22,42.75,2.459,42.7,20200227,002439.SZ,173661.83
27,22.0,22.0,691161.02,-1.7199999999999989,42.7,45.13,42.55,43.75,-3.8721,44.42,20200226,002439.SZ,159426.79
28,23.0,23.0,888295.286,-0.4799999999999969,44.42,45.41,42.2,43.9,-1.069,44.9,20200225,002439.SZ,202100.1
29,24.0,24.0,677129.647,-0.3299999999999983,44.9,45.8,44.49,44.5,-0.7296,45.23,20200224,002439.SZ,150421.58
30,25.0,25.0,646669.2679999999,0.8799999999999955,45.23,46.15,44.6,44.65,1.9842,44.35,20200221,002439.SZ,142612.58
31,26.0,26.0,631557.0229999999,0.4699999999999989,44.35,44.87,43.4,43.45,1.0711,43.88,20200220,002439.SZ,143171.32
32,27.0,27.0,563946.249,-0.39000000000000057,43.88,44.87,43.2,43.99,-0.8809999999999999,44.27,20200219,002439.SZ,127868.6
33,28.0,28.0,745903.453,0.37000000000000455,44.27,44.98,43.6,44.8,0.8428,43.9,20200218,002439.SZ,169005.62
34,29.0,29.0,640500.7829999999,0.9099999999999966,43.9,44.49,42.88,43.6,2.1168,42.99,20200217,002439.SZ,146211.07
35,30.0,30.0,615609.88,-0.11999999999999746,42.99,45.07,42.58,43.09,-0.2784,43.11,20200214,002439.SZ,140712.96
36,31.0,31.0,840631.057,-0.8599999999999994,43.11,45.89,42.78,43.88,-1.9559,43.97,20200213,002439.SZ,189757.15
37,32.0,32.0,743505.146,2.2800000000000007,43.97,44.27,40.83,41.5,5.4689,41.69,20200212,002439.SZ,172998.64
38,33.0,33.0,456012.532,0.14000000000000054,41.69,42.88,40.71,41.43,0.3369,41.55,20200211,002439.SZ,108941.86
39,34.0,34.0,571990.3620000001,-0.29000000000000625,41.55,43.17,40.61,41.4,-0.6931,41.84,20200210,002439.SZ,136163.04
40,35.0,35.0,542359.636,1.1400000000000006,41.84,41.89,40.12,40.71,2.801,40.7,20200207,002439.SZ,132026.34
41,36.0,36.0,598812.746,2.5800000000000054,40.7,41.04,37.69,38.47,6.7681,38.12,20200206,002439.SZ,150278.68
42,37.0,37.0,507773.899,-0.75,38.12,39.57,37.68,39.2,-1.9295,38.87,20200205,002439.SZ,131075.69
43,38.0,38.0,591941.567,3.43,38.87,38.98,36.22,36.22,9.6783,35.44,20200204,002439.SZ,153671.27
44,39.0,39.0,464311.465,-3.75,35.44,37.19,35.27,35.4,-9.5688,39.19,20200203,002439.SZ,128477.36
45,40.0,40.0,488891.943,-0.9600000000000009,39.19,40.49,38.5,39.75,-2.391,40.15,20200123,002439.SZ,123686.27
46,41.0,41.0,472218.538,1.5499999999999972,40.15,40.56,37.8,37.99,4.0155,38.6,20200122,002439.SZ,119497.3
47,42.0,42.0,534849.831,-1.2999999999999972,38.6,39.6,37.57,39.6,-3.2581,39.9,20200121,002439.SZ,138546.87
48,43.0,43.0,706881.483,1.4200000000000017,39.9,40.55,37.68,38.6,3.6902,38.48,20200120,002439.SZ,180887.96
49,44.0,44.0,414261.565,1.2199999999999989,38.48,39.18,37.21,37.29,3.2743,37.26,20200117,002439.SZ,107734.9
50,45.0,45.0,281732.957,0.10000000000000142,37.26,38.13,37.01,37.43,0.2691,37.16,20200116,002439.SZ,75230.79
51,46.0,46.0,257678.129,0.27999999999999403,37.16,37.68,36.73,36.95,0.7592,36.88,20200115,002439.SZ,69389.17
52,47.0,47.0,372530.461,-1.0999999999999943,36.88,38.97,36.88,38.9,-2.8963,37.98,20200114,002439.SZ,99317.9
53,48.0,48.0,244193.267,0.5799999999999983,37.98,38.11,37.01,37.39,1.5508,37.4,20200113,002439.SZ,64794.08
54,49.0,49.0,292847.688,0.19999999999999574,37.4,38.25,36.8,37.07,0.5376,37.2,20200110,002439.SZ,78305.16
55,50.0,50.0,260871.881,0.4000000000000057,37.2,37.65,36.69,37.0,1.087,36.8,20200109,002439.SZ,70314.75
56,51.0,51.0,312374.845,-0.4200000000000017,36.8,37.77,36.66,36.99,-1.1284,37.22,20200108,002439.SZ,84059.81
57,52.0,52.0,314192.498,0.21999999999999886,37.22,37.42,36.3,36.7,0.5946,37.0,20200107,002439.SZ,85207.39
58,53.0,53.0,528288.7779999999,1.5700000000000005,37.0,37.7,35.1,35.38,4.4313,35.43,20200106,002439.SZ,143395.89
59,54.0,54.0,274046.227,0.4099999999999966,35.43,35.76,34.88,35.33,1.1708,35.02,20200103,002439.SZ,77633.96
60,55.0,55.0,459238.301,1.2200000000000055,35.02,35.98,33.71,34.03,3.6095,33.8,20200102,002439.SZ,131043.55
61,56.0,56.0,217467.298,-0.5100000000000051,33.8,34.6,33.53,34.25,-1.4864,34.31,20191231,002439.SZ,64185.77
62,57.0,57.0,304223.158,0.5600000000000023,34.31,34.68,33.18,33.69,1.6593,33.75,20191230,002439.SZ,89132.58
63,58.0,58.0,321208.407,-0.5799999999999983,33.75,34.66,33.3,34.14,-1.6895,34.33,20191227,002439.SZ,94435.61
64,59.0,59.0,157974.923,-0.3999999999999986,34.33,34.98,34.06,34.7,-1.1517,34.73,20191226,002439.SZ,45969.56
65,60.0,60.0,206479.638,0.2299999999999969,34.73,35.3,34.4,34.6,0.6667,34.5,20191225,002439.SZ,59326.15
66,61.0,61.0,187671.736,0.28000000000000114,34.5,34.81,33.68,34.25,0.8182,34.22,20191224,002439.SZ,54726.33
67,62.0,62.0,208188.075,-0.28999999999999915,34.22,34.88,33.8,34.7,-0.8403,34.51,20191223,002439.SZ,60473.06
68,63.0,63.0,279706.786,-0.5900000000000034,34.51,35.25,34.48,34.92,-1.6809,35.1,20191220,002439.SZ,80366.43
69,64.0,64.0,283735.835,0.6300000000000026,35.1,35.81,34.36,34.89,1.8277,34.47,20191219,002439.SZ,81121.45
70,65.0,65.0,272916.557,0.3299999999999983,34.47,35.15,34.08,34.32,0.9666,34.14,20191218,002439.SZ,78695.96
71,66.0,66.0,302009.707,0.02000000000000313,34.14,34.81,33.7,34.0,0.0586,34.12,20191217,002439.SZ,88142.01
72,67.0,67.0,306854.494,0.6699999999999946,34.12,34.21,33.32,33.4,2.003,33.45,20191216,002439.SZ,90595.77
73,68.0,68.0,248119.468,0.2700000000000031,33.45,33.85,32.85,33.8,0.8137,33.18,20191213,002439.SZ,74567.4
74,69.0,69.0,294100.788,0.7000000000000028,33.18,33.47,32.27,32.62,2.1552,32.48,20191212,002439.SZ,89380.46
75,70.0,70.0,501159.143,1.4399999999999975,32.48,32.77,31.1,31.1,4.6392,31.04,20191211,002439.SZ,155265.76
76,71.0,71.0,234156.724,-0.2699999999999996,31.04,31.2,30.53,31.15,-0.8623,31.31,20191210,002439.SZ,75670.68
77,72.0,72.0,361725.546,0.4299999999999997,31.31,31.38,30.45,31.02,1.3925,30.88,20191209,002439.SZ,116831.28
78,73.0,73.0,282480.243,-0.3200000000000003,30.88,31.35,30.45,31.32,-1.0256,31.2,20191206,002439.SZ,91858.11
79,74.0,74.0,182094.427,0.5500000000000007,31.2,31.31,30.64,30.7,1.7945,30.65,20191205,002439.SZ,58588.66
80,75.0,75.0,182510.24,-0.3500000000000014,30.65,31.19,30.56,30.74,-1.129,31.0,20191204,002439.SZ,59351.53
81,76.0,76.0,157805.173,0.16000000000000014,31.0,31.13,30.41,30.7,0.5188,30.84,20191203,002439.SZ,51268.35
82,77.0,77.0,163702.987,0.03999999999999915,30.84,31.3,30.42,30.86,0.1299,30.8,20191202,002439.SZ,53079.93
83,78.0,78.0,185424.137,0.3500000000000014,30.8,31.09,30.3,30.4,1.1494,30.45,20191129,002439.SZ,60355.71
84,79.0,79.0,185358.222,-0.5100000000000016,30.45,31.09,30.39,30.88,-1.6473,30.96,20191128,002439.SZ,60521.82
85,80.0,80.0,178058.31,-0.4499999999999993,30.96,31.52,30.88,31.42,-1.4327,31.41,20191127,002439.SZ,57169.51
86,81.0,81.0,337443.443,-0.1999999999999993,31.41,32.34,31.22,31.85,-0.6327,31.61,20191126,002439.SZ,106868.01
87,82.0,82.0,481254.234,-1.7999999999999972,31.61,33.57,30.95,33.57,-5.3876,33.41,20191125,002439.SZ,151555.6
88,83.0,83.0,306869.642,-0.8300000000000054,33.41,34.86,33.01,34.19,-2.4241,34.24,20191122,002439.SZ,90732.42
89,84.0,84.0,232086.29,-0.5300000000000011,34.24,34.45,33.77,34.41,-1.5243,34.77,20191121,002439.SZ,68102.8
90,85.0,85.0,275983.872,0.3600000000000065,34.77,34.95,34.1,34.65,1.0462,34.41,20191120,002439.SZ,79533.11
91,86.0,86.0,245271.414,0.3099999999999952,34.41,34.45,33.78,34.24,0.9091,34.1,20191119,002439.SZ,71695.61
92,87.0,87.0,248870.271,0.3500000000000014,34.1,34.58,33.7,33.75,1.037,33.75,20191118,002439.SZ,72752.96
93,88.0,88.0,230144.152,0.20000000000000284,33.75,34.4,33.46,33.7,0.5961,33.55,20191115,002439.SZ,67802.92
94,89.0,89.0,192995.188,0.9299999999999996,33.55,33.75,32.57,32.99,2.8510000000000004,32.62,20191114,002439.SZ,57963.51
95,90.0,90.0,134364.074,0.07000000000000027,32.62,32.83,32.28,32.5,0.2151,32.55,20191113,002439.SZ,41278.43
96,91.0,91.0,145749.825,-0.1600000000000037,32.55,33.02,32.12,33.0,-0.4891,32.71,20191112,002439.SZ,44898.8
97,92.0,92.0,313488.342,-1.0499999999999972,32.71,33.9,32.56,33.6,-3.1102,33.76,20191111,002439.SZ,94742.24
98,93.0,93.0,279226.653,0.6599999999999966,33.76,34.34,33.39,33.46,1.994,33.1,20191108,002439.SZ,82335.33
99,94.0,94.0,144476.297,0.20000000000000284,33.1,33.63,32.9,33.03,0.6079,32.9,20191107,002439.SZ,43386.54
100,95.0,95.0,193588.185,-0.5700000000000003,32.9,33.76,32.7,33.48,-1.703,33.47,20191106,002439.SZ,58241.8
101,96.0,96.0,214858.662,0.0899999999999963,33.47,34.0,33.3,33.6,0.2696,33.38,20191105,002439.SZ,63903.37
102,97.0,97.0,176693.59600000005,0.3100000000000023,33.38,34.16,32.86,33.0,0.9374,33.07,20191104,002439.SZ,52579.26
103,98.0,98.0,132917.427,0.030000000000001137,33.07,33.25,32.5,32.81,0.0908,33.04,20191101,002439.SZ,40344.15
104,99.0,99.0,161776.315,-0.23000000000000398,33.04,33.93,32.85,33.5,-0.6913,33.27,20191031,002439.SZ,48519.33
105,100.0,100.0,210769.099,-0.02999999999999403,33.27,33.61,32.61,33.29,-0.0901,33.3,20191030,002439.SZ,63399.85
106,101.0,101.0,393196.334,-1.3000000000000045,33.3,34.49,32.98,34.33,-3.7572,34.6,20191029,002439.SZ,116457.16
107,102.0,102.0,597812.6429999999,1.3800000000000026,34.6,35.79,33.65,35.79,4.1541,33.22,20191028,002439.SZ,173319.93
108,103.0,103.0,453603.591,-0.3100000000000023,33.22,33.64,31.1,33.0,-0.9245,33.53,20191025,002439.SZ,140070.66
109,104.0,104.0,243008.687,-0.4200000000000017,33.53,33.71,32.89,33.71,-1.2371,33.95,20191024,002439.SZ,72953.69
110,105.0,105.0,229831.152,0.21000000000000085,33.95,34.28,33.33,33.76,0.6224,33.74,20191023,002439.SZ,67992.73
111,106.0,106.0,306902.845,1.0200000000000031,33.74,34.1,32.76,32.94,3.1174,32.72,20191022,002439.SZ,91323.52
112,107.0,107.0,193246.437,0.21999999999999886,32.72,32.98,31.56,32.5,0.6769,32.5,20191021,002439.SZ,59622.66
113,108.0,108.0,203630.579,-0.7599999999999979,32.5,33.55,32.41,33.43,-2.285,33.26,20191018,002439.SZ,61739.09
114,109.0,109.0,163542.387,0.6599999999999966,33.26,33.45,32.56,32.7,2.0245,32.6,20191017,002439.SZ,49352.61
115,110.0,110.0,153164.046,0.0799999999999983,32.6,33.06,32.11,32.6,0.246,32.52,20191016,002439.SZ,46923.34
116,111.0,111.0,166406.822,-0.8799999999999955,32.52,33.3,32.5,33.3,-2.6347,33.4,20191015,002439.SZ,50767.17
117,112.0,112.0,241825.14,0.8699999999999974,33.4,33.69,32.81,33.4,2.6745,32.53,20191014,002439.SZ,72470.53
118,113.0,113.0,225665.152,-0.14000000000000054,32.53,32.95,32.34,32.7,-0.4285,32.67,20191011,002439.SZ,69050.7
119,114.0,114.0,228634.217,0.9200000000000016,32.67,32.86,31.65,31.88,2.8976,31.75,20191010,002439.SZ,70693.99
120,115.0,115.0,275000.673,0.41000000000000014,31.75,31.99,31.05,31.31,1.3082,31.34,20191009,002439.SZ,87279.06
121,116.0,116.0,230356.75,-0.6400000000000006,31.34,32.4,31.29,32.05,-2.0013,31.98,20191008,002439.SZ,72423.0
122,117.0,117.0,432995.937,-0.5400000000000027,31.98,34.1,31.4,33.2,-1.6605,32.52,20190930,002439.SZ,133134.4
123,118.0,118.0,249277.798,0.2700000000000031,32.52,33.16,32.3,32.33,0.8372,32.25,20190927,002439.SZ,75931.68
124,119.0,119.0,379548.413,-1.4200000000000017,32.25,33.76,32.1,33.4,-4.2174,33.67,20190926,002439.SZ,115802.43
125,120.0,120.0,325079.362,-0.4299999999999997,33.67,34.36,32.99,33.82,-1.261,34.1,20190925,002439.SZ,96744.68
126,121.0,121.0,494920.595,0.3999999999999986,34.1,35.1,33.64,33.88,1.1869,33.7,20190924,002439.SZ,143762.82
127,122.0,122.0,352315.547,-0.27999999999999403,33.7,33.85,32.88,33.77,-0.8240000000000001,33.98,20190923,002439.SZ,105771.32
128,123.0,123.0,359179.373,-0.060000000000002274,33.98,34.36,33.34,34.23,-0.1763,34.04,20190920,002439.SZ,106613.52
129,124.0,124.0,284506.026,0.3299999999999983,34.04,34.29,33.39,33.89,0.9789,33.71,20190919,002439.SZ,83941.18
130,125.0,125.0,325409.697,0.009999999999998007,33.71,33.87,32.84,33.72,0.0297,33.7,20190918,002439.SZ,97204.65
131,126.0,126.0,456568.319,-0.9899999999999948,33.7,34.8,33.13,34.8,-2.8538,34.69,20190917,002439.SZ,135523.11
132,127.0,127.0,534824.503,0.28999999999999915,34.69,35.85,34.2,34.52,0.843,34.4,20190916,002439.SZ,153241.3
133,128.0,128.0,283217.835,-0.0799999999999983,34.4,34.66,33.82,34.46,-0.232,34.48,20190912,002439.SZ,82726.64
134,129.0,129.0,421595.24,0.13999999999999346,34.48,35.3,34.03,34.61,0.4077,34.34,20190911,002439.SZ,121918.32
135,130.0,130.0,693847.587,-1.6899999999999975,34.34,36.15,34.11,36.1,-4.6905,36.03,20190910,002439.SZ,199791.01
136,131.0,131.0,662529.662,1.7100000000000009,36.03,36.27,34.33,34.85,4.9825,34.32,20190909,002439.SZ,188060.62
137,132.0,132.0,546489.918,0.6199999999999974,34.32,35.13,33.8,34.13,1.8398,33.7,20190906,002439.SZ,158815.59
138,133.0,133.0,920354.692,1.6400000000000006,33.7,35.27,32.25,32.25,5.1154,32.06,20190905,002439.SZ,270722.08
139,134.0,134.0,495422.544,0.14000000000000054,32.06,32.58,31.6,31.85,0.4386,31.92,20190904,002439.SZ,154807.66
140,135.0,135.0,472790.723,0.4700000000000024,31.92,31.98,31.04,31.55,1.4944,31.45,20190903,002439.SZ,149808.79
141,136.0,136.0,641349.844,1.93,31.45,31.82,28.94,29.2,6.5379,29.52,20190902,002439.SZ,208273.98
142,137.0,137.0,472493.47,-0.9800000000000004,29.52,31.07,29.33,30.99,-3.2131,30.5,20190830,002439.SZ,156775.94
143,138.0,138.0,587741.945,1.1900000000000013,30.5,31.13,29.45,29.45,4.06,29.31,20190829,002439.SZ,192997.65
144,139.0,139.0,497144.362,-0.5700000000000003,29.31,30.88,29.06,29.69,-1.9076,29.88,20190828,002439.SZ,166189.39
145,140.0,140.0,361322.417,0.25,29.88,30.46,29.55,29.99,0.8437,29.63,20190827,002439.SZ,120442.72
146,141.0,141.0,236859.264,-0.28000000000000114,29.63,29.83,29.31,29.41,-0.9361,29.91,20190826,002439.SZ,80196.03
147,142.0,142.0,165125.359,-0.05000000000000071,29.91,30.38,29.57,29.94,-0.1669,29.96,20190823,002439.SZ,55139.4
148,143.0,143.0,211249.151,0.060000000000002274,29.96,30.18,29.55,30.08,0.2007,29.9,20190822,002439.SZ,70698.53
149,144.0,144.0,198181.189,0.04999999999999717,29.9,30.09,29.5,29.65,0.1675,29.85,20190821,002439.SZ,66459.07
150,145.0,145.0,253313.394,-0.13999999999999702,29.85,30.46,29.7,30.03,-0.4668,29.99,20190820,002439.SZ,84566.81
151,146.0,146.0,523669.70700000005,1.379999999999999,29.99,30.19,28.96,28.99,4.8235,28.61,20190819,002439.SZ,176745.43
152,147.0,147.0,377047.341,0.6499999999999986,28.61,29.07,27.96,27.96,2.3247,27.96,20190816,002439.SZ,131559.41
153,148.0,148.0,343457.777,0.8100000000000023,27.96,28.04,26.41,26.7,2.9834,27.15,20190815,002439.SZ,125788.35
154,149.0,149.0,296874.325,0.6399999999999971,27.15,27.95,26.91,26.93,2.4142,26.51,20190814,002439.SZ,108471.74
155,150.0,150.0,321704.325,-0.9299999999999996,26.51,27.43,26.05,27.43,-3.3892,27.44,20190813,002439.SZ,120790.48
156,151.0,151.0,234779.97,0.0400000000000027,27.44,27.65,26.71,27.5,0.146,27.4,20190812,002439.SZ,86154.89
157,152.0,152.0,148301.297,-0.6500000000000021,27.4,28.39,27.4,28.14,-2.3173,28.05,20190809,002439.SZ,53388.4
158,153.0,153.0,153159.606,0.5100000000000016,28.05,28.21,27.33,27.96,1.8519,27.54,20190808,002439.SZ,54920.0
159,154.0,154.0,190962.08,-0.28000000000000114,27.54,28.51,27.42,28.24,-1.0065,27.82,20190807,002439.SZ,68242.91
160,155.0,155.0,300461.153,-0.37000000000000105,27.82,28.46,26.96,27.7,-1.3125,28.19,20190806,002439.SZ,108143.13
161,156.0,156.0,178872.84399999995,-0.37999999999999895,28.19,29.27,28.06,28.71,-1.3301,28.57,20190805,002439.SZ,62517.7
162,157.0,157.0,180601.906,-0.35999999999999943,28.57,28.86,28.19,28.22,-1.2444,28.93,20190802,002439.SZ,63125.66
163,158.0,158.0,122712.932,0.05000000000000071,28.93,29.2,28.45,28.62,0.1731,28.88,20190801,002439.SZ,42423.23
164,159.0,159.0,122688.549,-0.15000000000000213,28.88,29.3,28.68,29.08,-0.5167,29.03,20190731,002439.SZ,42420.3
165,160.0,160.0,138552.074,0.28000000000000114,29.03,29.36,28.76,28.79,0.9739,28.75,20190730,002439.SZ,47513.89
166,161.0,161.0,92776.182,-0.14999999999999858,28.75,29.05,28.5,28.86,-0.519,28.9,20190729,002439.SZ,32243.27
167,162.0,162.0,155432.59900000002,-0.1700000000000017,28.9,29.08,28.35,29.01,-0.5848,29.07,20190726,002439.SZ,54131.4
168,163.0,163.0,243283.931,0.6999999999999993,29.07,29.42,28.25,28.45,2.4674,28.37,20190725,002439.SZ,84029.47
169,164.0,164.0,179108.479,0.5600000000000023,28.37,28.6,27.89,27.89,2.0137,27.81,20190724,002439.SZ,63162.05
170,165.0,165.0,101746.891,0.4899999999999984,27.81,27.88,27.21,27.31,1.7936,27.32,20190723,002439.SZ,36805.73
171,166.0,166.0,167522.669,0.0,27.32,27.78,26.93,27.35,0.0,27.32,20190722,002439.SZ,61049.71
172,167.0,167.0,88526.64199999998,0.10000000000000142,27.32,27.7,27.2,27.42,0.3674,27.22,20190719,002439.SZ,32272.68
173,168.0,168.0,110010.343,-0.6000000000000014,27.22,27.8,27.2,27.8,-2.1567,27.82,20190718,002439.SZ,40132.18
174,169.0,169.0,90167.785,-0.14000000000000054,27.82,28.28,27.8,28.0,-0.5007,27.96,20190717,002439.SZ,32201.32
175,170.0,170.0,99066.386,-0.16000000000000014,27.96,28.36,27.85,28.1,-0.569,28.12,20190716,002439.SZ,35287.28
176,171.0,171.0,236971.354,1.25,28.12,28.45,26.51,26.78,4.652,26.87,20190715,002439.SZ,85186.48
177,172.0,172.0,102093.571,-0.259999999999998,26.87,27.36,26.67,27.35,-0.9583,27.13,20190712,002439.SZ,37906.05
178,173.0,173.0,113155.115,0.10999999999999943,27.13,27.77,26.92,27.16,0.4071,27.02,20190711,002439.SZ,41471.79
179,174.0,174.0,76542.057,-0.030000000000001137,27.02,27.42,26.9,27.27,-0.1109,27.05,20190710,002439.SZ,28172.77
180,175.0,175.0,114905.995,0.08000000000000185,27.05,27.27,26.66,27.06,0.2966,26.97,20190709,002439.SZ,42487.72
181,176.0,176.0,186750.549,-0.9700000000000024,26.97,28.08,26.74,28.08,-3.4717,27.94,20190708,002439.SZ,68844.66
182,177.0,177.0,141820.49300000002,0.3200000000000003,27.94,28.07,27.38,27.81,1.1586,27.62,20190705,002439.SZ,50891.92
183,178.0,178.0,117721.318,-0.16000000000000014,27.62,28.1,27.36,27.96,-0.5760000000000001,27.78,20190704,002439.SZ,42427.02
184,179.0,179.0,145152.892,-0.28999999999999915,27.78,28.11,27.32,27.9,-1.0331,28.07,20190703,002439.SZ,52332.01
185,180.0,180.0,220133.179,0.19000000000000128,28.07,28.33,27.66,27.89,0.6815,27.88,20190702,002439.SZ,78481.36
186,181.0,181.0,271901.88300000003,0.9800000000000004,27.88,28.18,27.61,27.99,3.6431,26.9,20190701,002439.SZ,97428.16
187,182.0,182.0,152595.812,0.14999999999999858,26.9,27.17,26.28,26.79,0.5607,26.75,20190628,002439.SZ,57221.66
188,183.0,183.0,175371.245,-0.07000000000000027,26.75,27.08,26.57,26.88,-0.261,26.82,20190627,002439.SZ,65323.94
189,184.0,184.0,138028.896,0.4600000000000009,26.82,26.82,26.16,26.39,1.7451,26.36,20190626,002439.SZ,51953.45
190,185.0,185.0,249116.346,-0.5700000000000003,26.36,26.77,25.9,26.77,-2.1166,26.93,20190625,002439.SZ,94740.59
191,186.0,186.0,283886.497,0.4499999999999993,26.93,27.8,26.66,27.5,1.6994,26.48,20190624,002439.SZ,104110.63
192,187.0,187.0,272110.841,0.17999999999999972,26.48,27.2,26.47,26.5,0.6844,26.3,20190621,002439.SZ,101791.78
193,188.0,188.0,224665.22,0.5899999999999999,26.3,26.56,25.6,25.64,2.2948,25.71,20190620,002439.SZ,86018.76
194,189.0,189.0,237400.785,0.19000000000000128,25.71,26.3,25.62,26.05,0.7445,25.52,20190619,002439.SZ,91402.08
195,190.0,190.0,175299.285,0.4699999999999989,25.52,25.68,24.91,24.98,1.8762,25.05,20190618,002439.SZ,68920.4
196,191.0,191.0,157897.491,0.1700000000000017,25.05,25.52,24.64,24.78,0.6833,24.88,20190617,002439.SZ,62779.01
197,192.0,192.0,201681.649,-0.07000000000000027,24.88,25.88,24.75,25.54,-0.2806,24.95,20190614,002439.SZ,79650.41
198,193.0,193.0,131521.456,-0.28999999999999915,24.95,25.55,24.84,25.35,-1.149,25.24,20190613,002439.SZ,52452.31
199,194.0,194.0,151108.381,-0.05000000000000071,25.24,25.59,25.0,25.38,-0.1977,25.29,20190612,002439.SZ,59741.78
200,195.0,195.0,207648.655,0.7599999999999979,25.29,25.35,24.28,24.54,3.0982,24.53,20190611,002439.SZ,82911.08
201,196.0,196.0,101429.776,0.5500000000000007,24.53,24.67,23.98,24.22,2.2936,23.98,20190610,002439.SZ,41554.22
202,197.0,197.0,175707.95899999994,-0.01999999999999957,23.98,24.7,23.75,24.0,-0.0833,24.0,20190606,002439.SZ,72570.04
203,198.0,198.0,104941.386,0.1596999999999973,23.999,24.4482,23.8792,24.1188,0.6699,23.8393,20190605,002439.SZ,43307.11
204,199.0,199.0,96642.729,-0.4791999999999987,23.8393,24.4083,23.6795,24.2586,-1.9705,24.3185,20190604,002439.SZ,40162.05
205,200.0,200.0,165909.519,0.03999999999999915,24.3185,24.5081,23.9591,24.2785,0.1648,24.2785,20190603,002439.SZ,68334.22
206,201.0,201.0,140789.771,-0.6388999999999996,24.2785,24.9374,24.0888,24.7577,-2.5641,24.9174,20190531,002439.SZ,57372.47
207,202.0,202.0,130188.234,0.3893000000000022,24.9174,24.9174,24.0789,24.4482,1.5872,24.5281,20190530,002439.SZ,52966.02
208,203.0,203.0,132127.62300000002,-0.32940000000000325,24.5281,24.7976,24.3185,24.608,-1.3252,24.8575,20190529,002439.SZ,53807.85
209,204.0,204.0,174250.341,0.13970000000000127,24.8575,25.2069,24.608,24.8575,0.5652,24.7178,20190528,002439.SZ,69940.5
210,205.0,205.0,226053.68,0.9683999999999988,24.7178,24.9474,23.4699,23.8193,4.0776,23.7494,20190527,002439.SZ,92783.03
211,206.0,206.0,204894.384,-0.8285999999999979,23.7494,24.7377,23.6496,24.3784,-3.3713,24.578000000000007,20190524,002439.SZ,85413.74
212,207.0,207.0,219809.223,-0.8385999999999996,24.578000000000007,25.147,24.1587,25.0572,-3.2994,25.4166,20190523,002439.SZ,89171.39
213,208.0,208.0,252874.621,0.7987000000000002,25.4166,25.5164,24.6279,24.7377,3.2444,24.6179,20190522,002439.SZ,99801.43
214,209.0,209.0,204433.947,0.4591999999999992,24.6179,25.167,23.9092,24.1288,1.9008,24.1587,20190521,002439.SZ,83107.64
215,210.0,210.0,176591.208,-0.1797000000000004,24.1587,24.4383,23.7095,24.3384,-0.7383,24.3384,20190520,002439.SZ,73215.11
216,211.0,211.0,290044.885,-0.8984999999999985,24.3384,25.6063,23.8592,25.3567,-3.5603,25.2369,20190517,002439.SZ,117796.48
217,212.0,212.0,226392.937,-0.4192999999999998,25.2369,25.8958,24.9574,25.756,-1.6343,25.6562,20190516,002439.SZ,89491.4
218,213.0,213.0,235746.466,-0.13970000000000127,25.6562,26.2352,25.4865,25.9856,-0.5416,25.7959,20190515,002439.SZ,91318.57
219,214.0,214.0,223871.162,-0.9185000000000016,25.7959,27.0837,25.756,26.4348,-3.4382,26.7144,20190514,002439.SZ,85106.68
220,215.0,215.0,271447.225,0.05000000000000071,26.7144,27.4132,26.315,26.4548,0.1875,26.6644,20190513,002439.SZ,100495.27
221,216.0,216.0,317356.632,1.687100000000001,26.6644,26.6944,25.0073,25.5064,6.7545,24.9773,20190510,002439.SZ,121709.8
222,217.0,217.0,259292.461,0.4692000000000007,24.9773,25.1171,23.6696,24.2086,1.9145,24.5081,20190509,002439.SZ,105893.1
223,218.0,218.0,184991.936,-0.11980000000000145,24.5081,25.2469,23.8393,24.0289,-0.4864,24.6279,20190508,002439.SZ,75020.0
224,219.0,219.0,219217.397,0.2195999999999998,24.6279,24.6878,23.7894,24.4283,0.8997,24.4083,20190507,002439.SZ,90404.82
225,220.0,220.0,379483.946,-1.8169000000000004,24.4083,25.4066,23.5997,25.4066,-6.9281,26.2252,20190506,002439.SZ,155797.26
226,221.0,221.0,299831.697,-0.4791999999999987,26.2252,27.1137,25.4365,26.5646,-1.7945,26.7044,20190430,002439.SZ,114314.44
227,222.0,222.0,481249.167,-1.1580000000000013,26.7044,27.6128,25.3167,27.6128,-4.1561,27.8624,20190429,002439.SZ,182291.51
228,223.0,223.0,297026.086,-0.5290999999999997,27.8624,28.691,27.7526,28.3815,-1.8636,28.3915,20190426,002439.SZ,104882.92
229,224.0,224.0,343382.102,-0.3293999999999997,28.3915,29.0604,28.1519,28.2717,-1.1469,28.7209,20190425,002439.SZ,119870.57
230,225.0,225.0,329137.194,0.20960000000000176,28.7209,29.1502,27.8724,28.8507,0.7351,28.5113,20190424,002439.SZ,115063.92
231,226.0,226.0,382239.45,0.2595999999999989,28.5113,29.24,28.0621,28.5512,0.9189,28.2517,20190423,002439.SZ,133360.8
232,227.0,227.0,435120.21,0.9482999999999996,28.2517,28.6311,27.3433,27.5529,3.4732,27.3034,20190422,002439.SZ,154129.35
233,228.0,228.0,191469.417,0.3693999999999989,27.3034,27.503,26.8841,27.3034,1.3715,26.934,20190419,002439.SZ,70211.15
234,229.0,229.0,127320.319,-0.3293999999999997,26.934,27.3932,26.8541,27.3133,-1.2082,27.2634,20190418,002439.SZ,46948.74
235,230.0,230.0,222679.335,-0.18969999999999845,27.2634,27.8524,27.1536,27.4331,-0.691,27.4531,20190417,002439.SZ,80858.47
236,231.0,231.0,292633.751,0.4791999999999987,27.4531,27.5429,25.8858,26.7144,1.7765,26.9739,20190416,002439.SZ,108921.01
237,232.0,232.0,389160.263,0.0,26.9739,28.1319,26.7443,27.9223,0.0,26.9739,20190415,002439.SZ,141565.54
238,233.0,233.0,166188.68,-0.01999999999999957,26.9739,27.2534,26.5546,27.0238,-0.0741,26.9939,20190412,002439.SZ,61796.31
239,234.0,234.0,219208.558,-0.4492000000000012,26.9939,27.7825,26.8541,27.6528,-1.6368,27.4431,20190411,002439.SZ,80374.19
240,235.0,235.0,350865.33200000005,-0.5590999999999973,27.4431,27.9822,26.7643,27.9522,-1.9966,28.0022,20190410,002439.SZ,128057.95
241,236.0,236.0,296580.199,-0.1697000000000024,28.0022,28.5712,27.3333,27.9522,-0.6024,28.1719,20190409,002439.SZ,105671.59
242,237.0,237.0,607840.0920000001,-1.5772999999999977,28.1719,29.9089,27.4232,29.6094,-5.3020000000000005,29.7492,20190408,002439.SZ,213838.88
243,238.0,238.0,398226.302,0.3194999999999979,29.7492,30.6277,29.6194,30.0087,1.0856,29.4297,20190404,002439.SZ,132257.68
244,239.0,239.0,405754.08200000005,-0.5990000000000002,29.4297,30.0487,28.8507,29.9588,-1.9948,30.0287,20190403,002439.SZ,138138.39
245,240.0,240.0,391605.234,-0.6189,30.0287,31.047,29.9688,30.5877,-2.0194,30.6476,20190402,002439.SZ,128486.78
246,241.0,241.0,510072.531,1.2179000000000002,30.6476,30.8673,29.3998,29.4397,4.1383,29.4297,20190401,002439.SZ,167471.66
247,242.0,242.0,350010.49,0.878499999999999,29.4297,29.5395,28.102,28.4614,3.0769,28.5512,20190329,002439.SZ,119930.51
248,243.0,243.0,302880.382,-0.3793999999999969,28.5512,29.5695,28.1719,28.9106,-1.3114,28.9306,20190328,002439.SZ,104313.8
249,244.0,244.0,414067.971,0.6288999999999979,28.9306,29.2301,27.9522,28.3017,2.2221,28.3017,20190327,002439.SZ,143636.67
250,245.0,245.0,804096.627,-0.02990000000000137,28.3017,30.2683,27.9522,28.7309,-0.1055,28.3316,20190326,002439.SZ,275387.09
251,246.0,246.0,380105.552,0.3494000000000028,28.3316,29.0903,27.7526,28.0022,1.2487,27.9822,20190325,002439.SZ,133162.15
252,247.0,247.0,366571.283,-0.6189,27.9822,28.5512,27.4531,28.4015,-2.1639,28.6011,20190322,002439.SZ,130944.42
253,248.0,248.0,328002.057,0.4990999999999986,28.6011,28.9406,27.6428,28.1519,1.776,28.102,20190321,002439.SZ,114901.98
254,249.0,249.0,294206.609,-0.6489000000000011,28.102,28.8507,27.5729,28.8407,-2.257,28.7509,20190320,002439.SZ,104660.58
255,250.0,250.0,337201.466,0.7188000000000017,28.7509,29.24,28.0321,28.112,2.5642,28.0321,20190319,002439.SZ,117058.56
256,251.0,251.0,269678.797,0.5391000000000012,28.0321,28.2118,27.3034,27.5529,1.9609,27.493,20190318,002439.SZ,96734.09
257,252.0,252.0,346333.675,-0.12980000000000302,27.493,28.1619,27.0538,27.7226,-0.4699,27.6228,20190315,002439.SZ,124930.27
258,253.0,253.0,475227.978,-0.8584999999999994,27.6228,28.4514,26.9639,28.102,-3.0143,28.4813,20190314,002439.SZ,171419.03
259,254.0,254.0,905001.951,-3.1646,28.4813,31.1268,28.4813,31.1069,-10.0,31.6459,20190313,002439.SZ,305419.79
260,255.0,255.0,910986.514,0.7286999999999999,31.6459,31.6459,29.7492,31.2267,2.3569,30.9172,20190312,002439.SZ,297095.0
261,256.0,256.0,780597.656,1.4775000000000027,30.9172,31.1468,29.25,30.1485,5.0187,29.4397,20190311,002439.SZ,255701.69
262,257.0,257.0,846884.902,0.2395999999999993,29.4397,31.8456,28.1519,28.5213,0.8205,29.2001,20190308,002439.SZ,282509.63
263,258.0,258.0,506271.353,0.7986000000000004,29.2001,29.27,27.6528,27.9223,2.8118,28.4015,20190307,002439.SZ,176979.35
264,259.0,259.0,733458.552,0.7786999999999971,28.4015,29.7492,27.8025,28.0022,2.819,27.6228,20190306,002439.SZ,255851.0
265,260.0,260.0,380665.848,1.1979000000000006,27.6228,27.6328,26.1354,26.2851,4.5332,26.4249,20190305,002439.SZ,140330.28
266,261.0,261.0,479287.817,0.6189999999999998,26.4249,27.4531,25.6162,25.9656,2.3987,25.8059,20190304,002439.SZ,179831.43
267,262.0,262.0,263210.12,0.049900000000000944,25.8059,26.7543,25.2668,25.9856,0.1937,25.756,20190301,002439.SZ,101399.34
268,263.0,263.0,350114.1,0.8086000000000021,25.756,26.355,24.8575,25.0073,3.2412,24.9474,20190228,002439.SZ,136065.25
269,264.0,264.0,392358.144,-1.1081000000000003,24.9474,26.2452,24.7178,26.0355,-4.2528,26.0555,20190227,002439.SZ,153899.2
270,265.0,265.0,310283.848,-0.5990000000000002,26.0555,26.7243,25.7061,26.5646,-2.2473,26.6545,20190226,002439.SZ,118166.44
271,266.0,266.0,530815.567,1.0681999999999974,26.6545,28.102,25.8359,25.8359,4.1749,25.5863,20190225,002439.SZ,197923.22
272,267.0,267.0,217406.046,0.42930000000000135,25.5863,25.6063,24.8675,25.1371,1.7065,25.157,20190222,002439.SZ,85928.59
273,268.0,268.0,263148.327,-0.14979999999999905,25.157,25.756,24.9074,25.7061,-0.5919,25.3068,20190221,002439.SZ,103578.16
274,269.0,269.0,184379.85600000003,-0.2395999999999993,25.3068,25.9057,25.0173,25.2169,-0.9379,25.5464,20190220,002439.SZ,72289.56
275,270.0,270.0,235042.842,0.14979999999999905,25.5464,25.9057,24.9673,25.4166,0.5898,25.3966,20190219,002439.SZ,92108.48
276,271.0,271.0,220818.786,1.2977999999999987,25.3966,25.4365,24.3584,24.4083,5.3853,24.0988,20190218,002439.SZ,88327.5
277,272.0,272.0,159535.4,-0.4692000000000007,24.0988,24.7278,24.0988,24.588,-1.9098,24.568,20190215,002439.SZ,65209.42
278,273.0,273.0,220559.082,0.049900000000000944,24.568,25.2069,24.1587,24.3584,0.2035,24.5181,20190214,002439.SZ,89304.65
279,274.0,274.0,220437.23100000003,0.20960000000000176,24.5181,24.568,24.009,24.3085,0.8622,24.3085,20190213,002439.SZ,90513.76
280,275.0,275.0,167105.671,-0.010000000000001565,24.3085,24.6179,24.0689,24.588,-0.0411,24.3185,20190212,002439.SZ,68606.14
281,276.0,276.0,186906.588,0.7487999999999992,24.3185,24.4482,23.6396,23.6396,3.177,23.5697,20190211,002439.SZ,77229.19
282,277.0,277.0,207458.857,1.6072000000000024,23.5697,23.7095,22.0923,22.0923,7.3179,21.9625,20190201,002439.SZ,89039.51
283,278.0,278.0,128076.279,-0.4891000000000005,21.9625,22.831,21.9425,22.4516,-2.1785,22.4516,20190131,002439.SZ,57298.52
284,279.0,279.0,79272.048,-0.5591000000000008,22.4516,22.9308,22.3917,22.831,-2.4297,23.0107,20190130,002439.SZ,34934.98
285,280.0,280.0,122440.634,0.030000000000001137,23.0107,23.1105,22.3718,23.0806,0.1305,22.9807,20190129,002439.SZ,53781.67
286,281.0,281.0,143807.051,-0.2796000000000021,22.9807,23.6596,22.8709,23.3601,-1.202,23.2603,20190128,002439.SZ,61559.87
287,282.0,282.0,141316.295,-0.11979999999999792,23.2603,23.5997,23.0906,23.4599,-0.5124,23.3801,20190125,002439.SZ,60287.68
288,283.0,283.0,216885.714,0.6688999999999972,23.3801,23.6596,22.5714,22.5714,2.9452,22.7112,20190124,002439.SZ,92727.65
289,284.0,284.0,87247.9,0.06990000000000053,22.7112,22.811,22.3318,22.4317,0.3087,22.6413,20190123,002439.SZ,38608.41
290,285.0,285.0,95704.887,-0.1997,22.6413,23.2004,22.3618,22.9208,-0.8743,22.841,20190122,002439.SZ,42064.34
291,286.0,286.0,222636.642,-0.4192999999999998,22.841,23.7394,22.5615,23.6596,-1.8026,23.2603,20190121,002439.SZ,96507.17
292,287.0,287.0,160570.441,0.6489000000000011,23.2603,23.2802,22.3318,22.7212,2.8698,22.6114,20190118,002439.SZ,69834.35
293,288.0,288.0,154426.38,-0.19960000000000025,22.6114,23.0506,22.0423,22.851,-0.875,22.811,20190117,002439.SZ,68254.98
294,289.0,289.0,242284.376,0.0,22.811,23.6196,22.6613,22.9408,0.0,22.811,20190116,002439.SZ,104548.73
295,290.0,290.0,255642.735,-0.07989999999999853,22.811,23.41,22.6413,23.1305,-0.349,22.8909,20190115,002439.SZ,111399.76
296,291.0,291.0,143481.907,-0.42930000000000135,22.8909,23.4499,22.821,23.3701,-1.8409,23.3202,20190114,002439.SZ,62231.06
297,292.0,292.0,185116.133,0.20970000000000155,23.3202,23.6895,22.7811,23.0706,0.9074,23.1105,20190111,002439.SZ,79523.44
298,293.0,293.0,172591.216,0.13969999999999771,23.1105,23.5997,22.801,23.0506,0.6082,22.9708,20190110,002439.SZ,74278.61
299,294.0,294.0,225609.236,-0.01989999999999981,22.9708,23.8193,22.7811,22.9907,-0.0866,22.9907,20190109,002439.SZ,96794.83
300,295.0,295.0,215888.387,-0.049900000000000944,22.9907,23.4999,22.6613,22.801,-0.2166,23.0406,20190108,002439.SZ,93299.93
301,296.0,296.0,370996.227,1.537300000000002,23.0406,23.2902,21.3935,21.5632,7.1491,21.5033,20190107,002439.SZ,163623.29
302,297.0,297.0,174878.82100000005,0.4692000000000007,21.5033,21.5232,20.8144,20.8743,2.2307,21.0341,20190104,002439.SZ,81964.79
303,298.0,298.0,149259.986,0.1097999999999999,21.0341,21.5731,20.5649,20.7645,0.5247,20.9243,20190103,002439.SZ,70212.42
304,299.0,299.0,130423.775,0.3994,20.9243,21.2038,20.0657,20.465,1.9459,20.5249,20190102,002439.SZ,62724.53
305,300.0,300.0,82305.092,-0.13980000000000106,20.5249,20.8144,20.1955,20.8144,-0.6765,20.6647,20181228,002439.SZ,40331.2
306,301.0,301.0,112750.122,-0.4892000000000003,20.6647,21.4633,20.4551,21.3635,-2.3126,21.1539,20181227,002439.SZ,53723.02
307,302.0,302.0,76371.288,-0.3094000000000001,21.1539,21.5632,21.074,21.5432,-1.4415,21.4633,20181226,002439.SZ,35759.4
308,303.0,303.0,170229.18899999998,0.01989999999999981,21.4633,21.8627,20.9542,21.4034,0.0928,21.4434,20181225,002439.SZ,79606.21
309,304.0,304.0,139297.63199999998,1.078199999999999,21.4434,21.7528,20.2155,20.485,5.2943,20.3652,20181224,002439.SZ,65442.1
310,305.0,305.0,61682.533,0.19960000000000025,20.3652,20.515,19.896,19.896,0.9898,20.1656,20181221,002439.SZ,30305.2
311,306.0,306.0,96262.058,0.09990000000000164,20.1656,20.4351,19.7962,20.1656,0.4979,20.0657,20181220,002439.SZ,47743.79
312,307.0,307.0,110279.355,-0.9882999999999988,20.0657,21.054,19.9859,21.054,-4.6941,21.054,20181219,002439.SZ,54112.84
313,308.0,308.0,110846.231,0.38929999999999865,21.054,21.1638,20.2953,20.465,1.8839,20.6647,20181218,002439.SZ,53465.52
314,309.0,309.0,101905.944,-0.2995000000000019,20.6647,21.2038,20.6148,20.9043,-1.4286,20.9642,20181217,002439.SZ,48905.33
315,310.0,310.0,140963.555,-0.7386999999999979,20.9642,21.8028,20.8144,21.6031,-3.4037,21.7029,20181214,002439.SZ,66265.76
316,311.0,311.0,151379.525,0.7686999999999989,21.7029,21.8627,20.8544,21.064,3.672,20.9342,20181213,002439.SZ,70184.73
317,312.0,312.0,74932.07,-0.2795999999999985,20.9342,21.5332,20.8144,21.3435,-1.318,21.2138,20181212,002439.SZ,35480.66
318,313.0,313.0,80618.07400000001,0.06990000000000053,21.2138,21.6131,20.9742,21.2637,0.3306,21.1439,20181211,002439.SZ,37810.79
319,314.0,314.0,132042.22699999998,-0.26950000000000074,21.1439,21.9126,21.1239,21.3336,-1.2586,21.4134,20181210,002439.SZ,61286.24
320,315.0,315.0,102130.291,0.05989999999999896,21.4134,21.7429,21.1838,21.2637,0.2805,21.3535,20181207,002439.SZ,47464.02
321,316.0,316.0,147150.384,0.0,21.3535,21.5831,20.7545,21.2637,0.0,21.3535,20181206,002439.SZ,69143.55
322,317.0,317.0,234432.052,0.5990000000000002,21.3535,21.643,20.3552,20.485,2.8861,20.7545,20181205,002439.SZ,109907.08
323,318.0,318.0,100294.253,-0.16979999999999862,20.7545,21.1938,20.515,20.9243,-0.8115,20.9243,20181204,002439.SZ,48092.69
324,319.0,319.0,186001.877,0.3994,20.9243,21.653,20.8344,21.1638,1.9459,20.5249,20181203,002439.SZ,87584.29
325,320.0,320.0,74033.88799999999,0.38929999999999865,20.5249,20.5349,19.9359,20.0557,1.9334,20.1356,20181130,002439.SZ,36591.01
326,321.0,321.0,100964.193,-0.4892000000000003,20.1356,20.9342,20.0857,20.6647,-2.3719,20.6248,20181129,002439.SZ,49053.43
327,322.0,322.0,95999.16,0.2796000000000021,20.6248,20.8144,20.0657,20.2654,1.3743,20.3452,20181128,002439.SZ,46799.53
328,323.0,323.0,134316.673,0.1795999999999971,20.3452,20.8144,20.1656,20.1656,0.8906,20.1656,20181127,002439.SZ,65397.03
329,324.0,324.0,158589.397,0.7987000000000002,20.1656,20.4251,19.2771,19.327,4.124,19.3669,20181126,002439.SZ,79040.44
330,325.0,325.0,121936.85,-0.6388999999999996,19.3669,20.0657,19.0774,19.9859,-3.1936,20.0058,20181123,002439.SZ,62363.56
331,326.0,326.0,129233.924,0.5489999999999995,20.0058,20.0857,19.5167,19.5167,2.8216,19.4568,20181122,002439.SZ,64727.37
332,327.0,327.0,145206.99300000002,-0.20959999999999826,19.4568,19.6564,19.1772,19.3969,-1.0658,19.6664,20181121,002439.SZ,74781.96
333,328.0,328.0,141852.495,-0.7088000000000001,19.6664,20.3952,19.6664,20.2155,-3.4787,20.3752,20181120,002439.SZ,71090.97
334,329.0,329.0,125656.845,0.009999999999998007,20.3752,20.5649,20.0857,20.4051,0.0491,20.3652,20181119,002439.SZ,61615.11
335,330.0,330.0,199657.058,-0.4491999999999976,20.3652,20.8943,20.2354,20.8843,-2.1581,20.8144,20181116,002439.SZ,96863.26
336,331.0,331.0,211491.159,0.1797000000000004,20.8144,20.8144,20.0458,20.3952,0.8709,20.6347,20181115,002439.SZ,103480.38
